!
78 92 2 131 13 171 155 100
152 99 12 169 101 180 250 95
74 191 248 97 363 103 191 206
191 206 363 103 482 112 346 206
346 206 482 112 624 106 511 217
511 217 624 106 777 107 697 228
699 223 779 106 935 112 913 224
907 228 939 121 1100 115 1126 226
1126 226 1100 115 1253 111 1325 218
!
4 289 17 241 127 221 115 262
17 241 127 221 146 168 52 176
146 168 52 176 74 146 150 143
150 143 74 146 77 134 149 133
149 133 77 134 83 113 153 103
153 103 83 113 97 83 162 83
162 83 97 83 107 68 169 68
169 68 107 68 109 52 170 47
170 47 109 52 109 48 170 48
170 48 109 48 118 31 171 28
171 28 118 31 123 21 173 21
173 21 123 21 125 15 174 11
21 29 17 20 43 15 49 25
49 25 43 15 68 9 76 20
76 20 68 9 90 5 101 16
101 16 90 5 112 2 124 11
124 11 112 2 135 1 145 7
145 7 135 1 159 0 165 4
249 63 307 55 316 69 252 78
252 78 316 69 325 84 257 95
257 95 325 84 334 102 261 112
261 112 334 102 364 123 266 137
266 137 364 123 363 147 273 163
273 163 363 147 380 177 280 198
280 198 380 177 401 211 297 232
108 332 2 341 6 292 116 262
!
0 117 33 54 81 58 52 120
52 120 81 58 123 61 105 123
105 123 123 61 167 65 158 128
158 128 167 65 214 69 211 128
211 128 214 69 264 71 264 133
264 133 264 71 314 71 318 133
318 133 314 71 361 64 370 133
370 133 361 64 406 70 423 130
423 130 406 70 461 67 475 128
475 128 461 67 524 64 546 124
!